2014228095
2014214666
2014214632
2014214436
2014207662
2014204093
2014201050
2014201046
2014188764
2014188387
2014188385
2014186818
2014180936
2014180883
2014180816
2014179441
2014172726
2014172716
2014172714
2014172686
2014172673
2014172655
2014164209
2014156546
2014156493
2014156440
2014149280
2014148233
2014143173
2014143113
2014136402
2014129384
2014129380
2014129371
2014129256
2014122355
2014122318
2014122274
2014108227
2014108142
2014108045
2014095376
2014094293
2014094237
2014089179
2014087876
2014087821
2014087798
2014080584
2014074699
2014074500
2014073430
2014067720
2014067599
2014066160
2014058979
2014058903
2014058901
2014058845
2014058628
2014052639
2014046821
2014040077
2014039980
2014032443
2014025548
2014025454
2014019354
2014019332
2014018160
2014012692
2014012663
2014012603
2014006222
2014006197
2013346340
2013346289
2013346181
2013346135
2013346113
2013346097
2013339211
2013339199
2013339179
2013339113
2013339093
2013337904
2013337902
2013332352
2013332351
2013332330
2013332324
2013332321
2013332244
2013332198
2013330703
2013325266
2013324226
2013324219
2013324210
2013317984
2013317983
2013317938
2013317922
2013317881
2013311239
2013310181
2013310134
2013309644
2013304640
2013304636
2013304603
2013304500
2013297499
2013297484
2013297469
2013297356
2013297349
2013290161
2013290156
2013290142
2013290033
2013289868
2013282568
2013282551
2013282546
2013282544
2013282535
2013282478
2013275330
2013275293
2013275274
2013275036
2013268424
2013268356
2013268311
2013262338
2013262318
2013262310
2013262283
2013262159
2013262094
2013260345
2013254192
2013254095
2013253975
2013253974
2013253944
2013252740
2013246290
2013246255
2013246253
2013246242
2013246093
2013245797
2013244762
2013238505
2013238495
2013238483
2013232081
2013232057
2013226799
2013226732
2013226640
2013218758
2013218748
2013218737
2013218713
2013218673
2013218654
2013218638
2013218630
2013218620
2013218619
2013217484
2013217468
2013211985
2013210527
2013204646
2013204638
2013198057
2013198028
2013196295
2013191297
2013191278
2013191230
2013189660
2013185145
2013185140
2013185136
2013184062
2013183645
2013179496
2013179328
2013179320
2013179248
2013178276
2013178270
2013173323
2013173111
2013166474
2013166473
2013166444
2013166355
2013159216
2013159206
2013159174
2013159173
2013159045
2013159028
2013159013
2013157735
2013144804
2013144783
2013144708
2013138530
2013132284
2013132256
2013132254
2013132137
2013132127
2013124433
2013124406
2013110874
2013110697
2013110539
2013109457
2013109456
2013103612
2013103543
2013103533
2013103522
2013103490
2013097063
2013096966
2013095923
2013091046
2013090167
2013089848
2013085765
2013084956
2013084938
2013080368
2013080351
2013080327
2013080313
2013080284
2013073469
2013073438
2013073437
2013073386
2013073358
2013066961
2013066801
2013066700
2013065673
2013060707
2013060689
2013060682
2013060582
2013059653
2013054365
2013046663
2013046629
2013046586
2013046576
2013041842
2013041835
2013041824
2013041792
2013041788
2013041711
2013041685
2013040724
2013036040
2013035966
2013030981
2013029742
2013029741
2013024281
2013023322
2013022182
2013013532
2013013508
2013013481
2013006846
2013006821
2013006809
2013006797
2013006691
2013006530
2013005448
2012330771
2012329547
2012323758
2012322543
2012322525
2012322044
2012322035
2012322032
2012316992
2012316938
2012310816
2012310807
2012310692
2012310685
2012310684
2012310683
2012306846
2012303474
2012303415
2012296756
2012296744
2012296700
2012290462
2012290382
2012290364
2012289344
2012284201
2012284186
2012284168
2012284041
2012278297
2012278218
2012271690
2012271652
2012270632
2012265581
2012264101
2012254914
2012254045
2012254019
2012253970
2012253859
2012252576
2012246048
2012245991
2012245926
2012244947
2012244510
2012240160
2012239554
2012239549
2012239483
2012232984
2012232931
2012231889
2012221375
2012215703
2012215622
2012215550
2012214581
2012209723
2012203847
2012203827
2012203652
2012203582
2012197779
2012197762
2012196267
2012191604
2012191530
2012191520
2012191493
2012191227
2012185352
2012185263
2012184351
2012179591
2012179353
2012179314
2012178523
2012178520
2012173454
2012173437
2012173406
2012173319
2012173300
2012172098
2012171654
2012164608
2012159491
2012150713
2012150710
2012150595
2012143770
2012143755
2012143748
2012143741
2012143716
2012136758
2012136732
2012130759
2012123902
2012122592
2012122541
2012116987
2012116937
2012116819
2012116816
2012109794
2012095934
2012095860
2012095800
2012094263
2012084223
2012084190
2012078684
2012072318
2012072301
2012066109
2012066067
2012066030
2012058827
2012054303
2012054084
2012052476
2012047074
2012047053
2012036070
2012036037
2012030138
2012030116
2012030103
2012030101
2012030076
2012030057
2012029991
2012028698
2012024605
2012023021
2012022948
2012021388
2012016808
2012015699
2012004942
2011320333
2011320086
2011318724
2011307345
2011301969
2011300527
2011295754
2011295731
2011295727
2011295717
2011295684
2011295680
2011288991
2011288921
2011282776
2011282679
2011276464
2011276362
2011275907
2011275046
2011270736
2011270655
2011264465
2011258042
2011258025
2011257992
2011251938
2011251882
2011246312
2011246055
2011244940
2011244833
2011238490
2011231331
2011231227
2011225037
2011218041
2011213703
2011213685
2011213631
2011200979
2011197206
2011196802
2011196790
2011196766
2011196736
2011195384
2011191219
2011191214
2011185384
2011184807
2011178918
2011178820
2011173092
2011166976
2011166876
2011161225
2011161205
2011161195
2011161129
2011161109
2011161092
2011153438
2011145140
2011145094
2011136566
2011136092
2011136086
2011125516
2011125470
2011119335
2011119207
2011119128
2011119082
2011119077
2011111825
2011106683
2011106580
2011099124
2011093403
2011093357
2011087530
2011077972
2011077958
2011076654
2011066466
2011060604
2011055008
2011040683
2011040631
2011040619
2011035280
2011035278
2011029388
2011029349
2011029335
2011029147
2011022534
2011022440
2011022437
2011016022
2011004536
2011004514
2011004507
2010332403
2010332380
2010332365
2010332263
2010325048
2010318571
2010312636
2010312421
2010306109
2010306094
2010305961
2010299177
2010293093
2010287035
2010285442
2010280876
2010274648
2010274609
2010274601
2010274581
2010262520
2010261522
2010258620
2010257074
2010250236
2010250199
2010248194
2010241526
2010235259
2010228099
2010222130
2010218192
2010217726
2010217645
2010217644
2010216108
2010214578
2010211413
2010210333
2010198724
2010185562
2010185548
2010185467
2010174639
2010161493
2010161449
2010161366
2010151432
2010145735
2010138331
2010138285
2010138268
2010138231
2010131307
2010131193
2010121685
2010121678
2010121316
2010114676
2010114607
2010114604
2010113141
2010106516
2010100500
2010100295
2010099489
2010088227
2010088162
2010088117
2010082500
2010070394
2010069132
2010057606
2010057507
2010057490
2010049627
2010030695
2010023379
2010017343
2010017225
2009319334
2009313147
2009313126
2009313065
2009311658
2009307154
2009307152
2009299846
2009299798
2009298039
2009292623
2009292595
2009276346
2009271287
2009265261
2009265244
2009254470
2009248478
2009248435
2009248430
2009240634
2009240579
2009240578
2009240532
2009234730
2009234713
2009222323
2009222313
2009216602
2009216432
2009210352
2009210287
2009208910
2009204538
2009193123
2009192947
2009186676
2009172727
2009171829
2009170605
2009157563
2009155756
2009150258
2009132380
2009132368
2009119205
2009119126
2009094134
2009089158
2009083225
2009083144
2009083142
2009083067
2009076859
2009070271
2009063463
2009063335
2009063242
2009055314
2009048999
2009048868
2009043615
2009036103
2009030772
2009023124
2009006145
2008319786
2008313068
2008305452
2008300976
2008300890
2008300712
2008293473
2008288417
2008281735
2008281649
2008275772
2008270552
2008262958
2008262875
2008255964
2008255957
2008243629
2008229281
2008224866
2008200225
2008200144
2008195455
2008195440
2008189644
2008176194
2008172314
2008171592
2008154798
2008154640
2008147507
2008126149
2008124690
2008120142
2008113764
2008108414
2008103898
2008103896
2008103824
2008097856
2008096177
2008091667
2008091465
2008090221
2008086334
2008077449
2008052317
2008046299
2008045342
2008040227
2008040203
2008036894
2008027799
2008026816
2008010132
2008010122
2008004958
2007292823
2007282893
2007271108
2007265878
2007259634
2007250438
2007219869
2007218450
2007214060
2007205276
2007192236
2007192205
2007192198
2007192190
2007192173
2007192149
2007179855
2007179853
2007174146
2007174104
2007166690
2007156531
2007154866
2007147594
2007129994
2007106535
2007100683
2007100646
2007099162
2007094083
2007093288
2007088585
2007078744
2007078669
2007073598
2007055629
2007052517
2007022043
2007016526
2006271483
2006271460
2006271455
2006253367
2006247958
2006240396
2006224445
2006190300
2006172791
2006129357
2006111975
2006095386
2006080251
2006064436
2006047593
2005288972
2005273802
2005222865
2005221268
2005221265
2005195966
2005192866
2005192862
2005177510
2005165644
2005149372
2005137928
2005119969
2005114526
2005114379
2005108104
2005086121
2005075902
2005071418
2005060220
2004260607
2004253569
2004236651
2004204983
2004177016
2004139431
2004126748
2004073467
2004064368
2004030662
2003212595
2003182164
2003083981
2003083956
